7
0 20 380 1400 180 900 540
20 0 370 1380 190 890 530
380 370 0 1200 500 980 340
1400 1380 1200 0 1550 680 900
180 190 500 1550 0 1050 720
900 890 980 680 1050 0 650
540 530 340 900 720 650 0